P0: 7.070493e+02 0.000000e+00 6.040814e+02 4.575831e+01 0.000000e+00 7.070493e+02 1.805066e+02 -3.454157e-01 0.000000e+00 0.000000e+00 1.000000e+00 4.981016e-03
P1: 7.070493e+02 0.000000e+00 6.040814e+02 4.575831e+01 0.000000e+00 7.070493e+02 1.805066e+02 -3.454157e-01 0.000000e+00 0.000000e+00 1.000000e+00 4.981016e-03
P2: 7.070493e+02 0.000000e+00 6.040814e+02 4.575831e+01 0.000000e+00 7.070493e+02 1.805066e+02 -3.454157e-01 0.000000e+00 0.000000e+00 1.000000e+00 4.981016e-03
P3: 7.070493e+02 0.000000e+00 6.040814e+02 4.575831e+01 0.000000e+00 7.070493e+02 1.805066e+02 -3.454157e-01 0.000000e+00 0.000000e+00 1.000000e+00 4.981016e-03
R0_rect: 8.088629e-02 -9.9590131e-01 -4.047205e-02 -1.5610122e-01 6.293044e-02 4.562682e-02 -9.969744e-01 -3.785559e-01 9.9473472e-01
Tr_velo_to_cam: 8.088629e-02 -9.9590131e-01 -4.047205e-02 -1.5610122e-01 6.293044e-02 4.562682e-02 -9.969744e-01 -3.785559e-01 9.9473472e-01 7.809463e-02 6.636309e-02 -5.9070911e-01
Tr_imu_to_velo: 9.999976000000e-01 7.553071000000e-04 -2.035826000000e-03 -8.086759000000e-01 -7.854027000000e-04 9.998898000000e-01 -1.482298000000e-02 3.195559000000e-01 2.024406000000e-03 1.482454000000e-02 9.998881000000e-01 -7.997231000000e-01